1 0.0164065 -0.00587354
2 0.107955 -0.0458613
3 0.0313873 0.0221542
4 -0.198321 0.141234
5 -0.118289 0.01381
6 0.283533 -0.231935
7 0.122527 0.0332028
8 -0.0133634 0.0571554
9 0.376578 -0.17418
10 0.59271 -0.237864
11 0.421257 -0.0759419
12 0.0509138 0.130389
13 -0.181051 0.133391
14 -0.0989027 -0.0125937
15 -0.0359616 -0.0205742
16 -0.0956774 0.0436088
17 -0.214354 0.0972907
18 -0.328509 0.102504
19 -0.373396 0.109596
20 -0.312342 0.0525816
21 -0.201474 0.00534154
22 -0.0621268 -0.0407626
23 0.0230991 -0.0404668
24 0.0506469 -0.0243837
25 0.0647584 -0.0226666
26 -0.00320207 0.0271587
27 -0.224883 0.144517
28 -0.415915 0.180847
29 -0.40665 0.101892
30 -0.125418 -0.0788053
31 0.108777 -0.118757
32 0.17333 -0.0673848
33 0.0201494 0.0579633
34 -0.0752623 0.0588593
35 0.0448233 -0.0574507
36 0.167003 -0.0891673
37 0.25605 -0.0986882
38 0.258767 -0.0653526
39 0.226402 -0.0436819
40 0.171848 -0.0215111
41 0.111748 -0.00449136
42 0.0524007 0.00993982
43 0.00179022 0.019094
44 -0.0314413 0.0205132
45 -0.0493165 0.0189381
46 -0.0521934 0.0137624
47 -0.0466709 0.00911532
48 -0.0375714 0.00548482
49 -0.0213782 0.00192316
50 -0.00975561 0.00225616
51 0.00583381 -0.00478241
52 0.0169982 -0.0089554
53 0.0187289 -0.00565205
54 -0.0578705 0.0449456
55 -0.194788 0.103691
56 -0.243353 0.0809788
57 -0.168017 0.0427187
58 0.039113 -0.0506462
59 0.21522 -0.12412
60 0.343796 -0.0858213
61 0.488406 -0.15285
62 0.544649 -0.137988
63 0.435818 -0.0681196
64 0.157321 0.069056
65 -0.0668027 0.103472
66 -0.181248 0.0885739
67 -0.22306 0.0704196
68 -0.212045 0.0469592
69 -0.169537 0.0240742
70 -0.117013 0.00717084
71 -0.0673249 -0.00398226
72 -0.016458 -0.0171376
73 0.00759021 -0.0124373
74 0.0212788 -0.0117582
75 0.0294148 -0.01163
76 0.0328652 -0.0106841
77 0.0264637 -0.00519587
78 0.0173143 -0.00184399
79 0.00744532 0.000896179
80 -0.00095651 0.0024117
81 -0.00419325 0.00116323
82 -0.00699515 0.000569014
83 -0.00938506 0.00214122
84 -0.00904146 0.000980008
85 -0.00615454 -0.000746746
86 -0.0161466 0.00693513
87 -0.0218066 0.00666099
88 -0.0208224 0.00379882
89 -0.0185864 0.00277631
90 -0.0113552 0.000462108
91 -0.00732135 -0.000699036
92 -0.00391258 -0.00129336
93 -0.00127126 -0.00164417
94 0.000759211 -0.00190897
95 0.0034771 -0.00177625
96 0.00600052 -0.0024071
97 0.00887585 -0.00429382
98 -0.0311929 0.00687351
99 -0.539247 0.204863
100 0.249381 -0.375984
101 0.247442 -0.0597681
102 0.247442 -0.0605435
103 0.247442 -0.0605435
104 0.247442 -0.0605435
105 0.23095 -0.0564205
106 0.23095 -0.0564205
107 0.23095 -0.0564205
108 0.23095 -0.0564205
109 0.23095 -0.0564205
110 0.203651 -0.0495957
111 0.203651 -0.0495957
112 0.203651 -0.0495957
113 0.203651 -0.0495957
114 0.203651 -0.0495957
115 0.159846 -0.0386445
116 0.159846 -0.0386445
117 0.159846 -0.0386445
118 0.159846 -0.0386445
119 0.159846 -0.0386445
120 0.125294 -0.0300063
121 0.125294 -0.0300063
122 0.125294 -0.0300063
123 0.125294 -0.0300063
124 0.125294 -0.0300063
125 0.110617 -0.0263371
126 0.110617 -0.0263371
127 0.110617 -0.0263371
128 0.110617 -0.0263371
129 0.110617 -0.0263371
130 0.0978804 -0.023153
131 0.0978804 -0.0233487
132 0.0978804 -0.0233487
133 0.0978804 -0.0233487
134 0.0978804 -0.0233487
135 0.0873079 -0.0207056
136 0.0873079 -0.0207056
137 0.0873079 -0.0207056
138 0.0873079 -0.0207056
139 0.0763979 -0.0179781
140 0.0763979 -0.0179781
141 0.0763979 -0.0179781
142 0.0763979 -0.0179781
143 0.0763979 -0.0179781
144 0.0649319 -0.0151116
145 0.0649319 -0.0151116
146 0.0649319 -0.0151116
147 0.0649319 -0.0151116
148 0.0649319 -0.0151116
149 0.0513105 -0.0117063
150 0.0513105 -0.0117063
151 0.0513105 -0.0117063
152 0.0513105 -0.0117063
153 0.0513105 -0.0117063
154 0.0380783 -0.00839823
155 0.0380783 -0.00839823
156 0.0380783 -0.00839823
157 0.0380783 -0.00839823
158 0.0244274 -0.0049855
159 0.0244274 -0.0049855
160 0.0244274 -0.0049855
161 0.0244274 -0.0049855
162 0.0244274 -0.0049855
163 0.0159531 -0.00286692
164 0.0159531 -0.00286692
165 0.0159531 -0.00286692
166 0.0159531 -0.00286692
167 0.0159531 -0.00286692
168 0.016387 -0.0029754
169 0.016387 -0.0029754
170 0.016387 -0.0029754
171 0.016387 -0.0029754
172 0.016387 -0.0029754
173 0.016387 -0.0029754
174 0.016387 -0.0029754
175 0.016387 -0.0029754
176 0.016387 -0.0029754
177 0.016387 -0.0029754
178 0.016387 -0.0029754
179 0.016387 -0.0029754
180 0.016387 -0.0029754
181 0.0163431 -0.00296443
182 0.0163431 -0.00296443
183 0.0163431 -0.00296443
184 0.0163431 -0.00296443
185 0.0159683 -0.00287073
186 0.0159683 -0.00290267
187 0.0159683 -0.00290267
188 0.0159683 -0.00290267
189 0.0159683 -0.00290267
190 0.0159101 -0.00288812
191 0.0159101 -0.00288812
192 0.0159101 -0.00288812
193 0.0159101 -0.00288812
194 0.0159101 -0.00288812
195 0.0168419 -0.00312106
196 0.0168419 -0.00312106
197 0.0168419 -0.00312106
198 0.0168419 -0.00312106
199 0.0168419 -0.00312106
200 0.0179005 -0.0033857
201 0.0179005 -0.0033857
202 0.0179005 -0.0033857
203 0.0179005 -0.0033857
204 0.0190125 -0.0036637
205 0.0190125 -0.0036637
206 0.0190125 -0.0036637
207 0.0190125 -0.0036637
208 0.0202408 -0.00397078
209 0.0202408 -0.00397078
210 0.0202408 -0.00397078
211 0.0202408 -0.00397078
212 0.0202408 -0.00397078
213 0.0202045 -0.00396172
214 0.0202045 -0.00396172
215 0.0202045 -0.00396172
216 0.0202045 -0.00396172
217 0.0202045 -0.00396172
218 0.0182056 -0.003462
219 0.0182056 -0.003462
220 0.0182056 -0.003462
221 0.0182056 -0.003462
222 0.0177526 -0.00334875
223 0.0177526 -0.00334875
224 0.0177526 -0.00334875
225 0.0177526 -0.00334875
226 0.0177526 -0.00334875
227 0.0177097 -0.00333802
228 0.0177097 -0.00333802
229 0.0177097 -0.00333802
230 0.0177097 -0.00333802
231 0.0177097 -0.00333802
232 0.0177097 -0.00333802
233 0.0177097 -0.00333802
234 0.0177097 -0.00333802
235 0.0177097 -0.00333802
236 0.0177097 -0.00333802
237 0.0177412 -0.00334589
238 0.0177412 -0.00334589
239 0.0177412 -0.00334589
240 0.0177412 -0.00334589
241 0.0177412 -0.00338137
242 0.0177574 -0.00338542
243 0.0177574 -0.00338542
244 0.0177574 -0.00338542
245 0.0177574 -0.00338542
246 0.0177574 -0.00338542
247 0.0177689 -0.00338828
248 0.0177689 -0.00338828
249 0.0177689 -0.00338828
250 0.0177689 -0.00338828
251 0.0177689 -0.00338828
252 0.0177784 -0.00339067
253 0.0177784 -0.00339067
254 0.0177784 -0.00339067
255 0.0177784 -0.00339067
256 0.0177708 -0.00338876
257 0.0177708 -0.00338876
258 0.0177708 -0.00338876
259 0.0177708 -0.00338876
260 0.0177708 -0.00338876
261 0.0177536 -0.00338447
262 0.0177536 -0.00338447
263 0.0177536 -0.00338447
264 0.0177536 -0.00338447
265 0.017765 -0.00338733
266 0.017765 -0.00338733
267 0.017765 -0.00338733
268 0.017765 -0.00338733
269 0.017765 -0.00338733
270 0.0181112 -0.00347388
271 0.0181112 -0.00347388
272 0.0181112 -0.00347388
273 0.0181112 -0.00347388
274 0.0181112 -0.00347388
275 0.018425 -0.00355232
276 0.018425 -0.00355232
277 0.018425 -0.00355232
278 0.018425 -0.00355232
279 0.018425 -0.00355232
280 0.0189133 -0.00367439
281 0.0189133 -0.00367439
282 0.0189133 -0.00367439
283 0.0189133 -0.00367439
284 0.0189133 -0.00367439
285 0.0187254 -0.00362742
286 0.0187254 -0.00362742
287 0.0187254 -0.00362742
288 0.0187254 -0.00362742
289 0.0193748 -0.00378978
290 0.0193748 -0.00378978
291 0.0193748 -0.00378978
292 0.0193748 -0.00378978
293 0.0193748 -0.00378978
294 0.020113 -0.00397432
295 0.020113 -0.00401454
296 0.020113 -0.00401454
297 0.020113 -0.00401454
298 0.0204897 -0.00410872
299 0.0204897 -0.00410872
300 0.0204897 -0.00410872
301 0.0204897 -0.00410872
302 0.0204897 -0.00410872
303 0.0203438 -0.00407224
304 0.0203438 -0.00407224
305 0.0203438 -0.00407224
306 0.0203438 -0.00407224
307 0.0206575 -0.00415068
308 0.0206575 -0.00415068
309 0.0206575 -0.00415068
310 0.0206575 -0.00415068
311 0.0206575 -0.00415068
312 0.020586 -0.0041328
313 0.020586 -0.0041328
314 0.020586 -0.0041328
315 0.020586 -0.0041328
316 0.020586 -0.0041328
317 0.0205612 -0.0041266
318 0.0205612 -0.0041266
319 0.0205612 -0.0041266
320 0.0205612 -0.0041266
321 0.0205612 -0.0041266
322 0.020505 -0.00411253
323 0.020505 -0.00411253
324 0.020505 -0.00411253
325 0.0204811 -0.00410657
326 0.0204811 -0.00410657
327 0.0204811 -0.00410657
328 0.0204811 -0.00410657
329 0.0204811 -0.00410657
330 0.0204964 -0.00411039
331 0.0204964 -0.00411039
332 0.0204964 -0.00411039
333 0.0204964 -0.00411039
334 0.0204792 -0.0041061
335 0.0204792 -0.0041061
336 0.0204792 -0.0041061
337 0.0204792 -0.0041061
338 0.0204792 -0.0041061
339 0.020422 -0.00409179
340 0.020422 -0.00409179
341 0.020422 -0.00409179
342 0.020422 -0.00409179
343 0.0206661 -0.00415283
344 0.0206661 -0.00415283
345 0.0206661 -0.00415283
346 0.0206661 -0.00415283
347 0.0206661 -0.00415283
348 0.0206308 -0.00417115
349 0.0206308 -0.00418527
350 0.0206308 -0.00418527
351 0.0206308 -0.00418527
352 0.0206308 -0.00418527
353 0.0208206 -0.00423271
354 0.0208206 -0.00423271
355 0.0208206 -0.00423271
356 0.0208206 -0.00423271
357 0.0208206 -0.00423271
358 0.0208206 -0.00423271
359 0.0208206 -0.00423271
360 0.0208206 -0.00423271
361 0.0208206 -0.00423271
362 0.0207958 -0.00422651
363 0.0207958 -0.00422651
364 0.0207958 -0.00422651
365 0.0207958 -0.00422651
366 0.0207958 -0.00422651
367 0.0208235 -0.00423343
368 0.0208235 -0.00423343
369 0.0208235 -0.00423343
370 0.0208235 -0.00423343
371 0.0208235 -0.00423343
372 0.0208731 -0.00424582
373 0.0208731 -0.00424582
374 0.0208731 -0.00424582
375 0.0208731 -0.00424582
376 0.0208521 -0.00424058
377 0.0208521 -0.00424058
378 0.0208521 -0.00424058
379 0.0208521 -0.00424058
380 0.0208521 -0.00424058
381 0.0208521 -0.00424058
382 0.0208521 -0.00424058
383 0.0208521 -0.00424058
384 0.0208521 -0.00424058
385 0.0210361 -0.00428659
386 0.0210361 -0.00428659
387 0.0210361 -0.00428659
388 0.0210361 -0.00428659
389 0.0210361 -0.00428659
390 0.0205374 -0.0041619
391 0.0205374 -0.0041619
392 0.0205374 -0.0041619
393 0.0205374 -0.0041619
394 0.0205374 -0.0041619
395 0.019702 -0.00395305
396 0.019702 -0.00395305
397 0.019702 -0.00395305
398 0.019702 -0.00395305
399 0.018755 -0.0037163
400 0.018755 -0.0037163
401 0.018755 -0.0037163
402 0.018755 -0.0037163
403 0.018755 -0.00375381
404 0.018755 -0.00375381
405 0.018755 -0.00375381
406 0.018755 -0.00375381
407 0.018755 -0.00375381
408 0.018755 -0.00375381
409 0.0180836 -0.00358596
410 0.0180836 -0.00358596
411 0.0180836 -0.00358596
412 0.0180836 -0.00358596
413 0.0180836 -0.00358596
414 0.0180721 -0.0035831
415 0.0180721 -0.0035831
416 0.0180721 -0.0035831
417 0.0180721 -0.0035831
418 0.0180721 -0.0035831
419 0.0180588 -0.00357976
420 0.0180588 -0.00357976
421 0.0180588 -0.00357976
422 0.0180588 -0.00357976
423 0.0180588 -0.00357976
424 0.0179443 -0.00355115
425 0.0179443 -0.00355115
426 0.0179443 -0.00355115
427 0.0179443 -0.00355115
428 0.0179272 -0.00354686
429 0.0179272 -0.00354686
430 0.0179272 -0.00354686
431 0.0179272 -0.00354686
432 0.0179272 -0.00354686
433 0.0179138 -0.00354352
434 0.0179138 -0.00354352
435 0.0179138 -0.00354352
436 0.0179138 -0.00354352
437 0.0179138 -0.00354352
438 0.0178022 -0.00351563
439 0.0178022 -0.00351563
440 0.0178022 -0.00351563
441 0.0178022 -0.00351563
442 0.0178022 -0.00351563
443 0.0180092 -0.00356736
444 0.0180092 -0.00356736
445 0.0180092 -0.00356736
446 0.0180092 -0.00356736
447 0.0175104 -0.00344267
448 0.0175104 -0.00344267
449 0.0175104 -0.00344267
450 0.0175104 -0.00344267
451 0.0175104 -0.00344267
452 0.0168886 -0.00328722
453 0.0168886 -0.00328722
454 0.0168886 -0.00328722
455 0.0168886 -0.00328722
456 0.0168886 -0.00328722
457 0.0160561 -0.00307908
458 0.0160561 -0.00311119
459 0.0160561 -0.00311119
460 0.0160561 -0.00311119
461 0.0160561 -0.00311119
462 0.0157261 -0.0030287
463 0.0157261 -0.0030287
464 0.0157261 -0.0030287
465 0.0157261 -0.0030287
466 0.0157261 -0.0030287
467 0.0157051 -0.00302346
468 0.0157051 -0.00302346
469 0.0157051 -0.00302346
470 0.0157051 -0.00302346
471 0.0157595 -0.00303705
472 0.0157595 -0.00303705
473 0.0157595 -0.00303705
474 0.0157595 -0.00303705
475 0.0157595 -0.00303705
476 0.0157547 -0.00303585
477 0.0157547 -0.00303585
478 0.0157547 -0.00303585
479 0.0157547 -0.00303585
480 0.0157547 -0.00303585
481 0.0150852 -0.00286848
482 0.0150852 -0.00286848
483 0.0150852 -0.00286848
484 0.0150852 -0.00286848
485 0.0152245 -0.00290329
486 0.0152245 -0.00290329
487 0.0152245 -0.00290329
488 0.0152245 -0.00290329
489 0.0152245 -0.00290329
490 0.0154295 -0.00295455
491 0.0154295 -0.00295455
492 0.0154295 -0.00295455
493 0.0154295 -0.00295455
494 0.0154333 -0.00295551
495 0.0154333 -0.00295551
496 0.0154333 -0.00295551
497 0.0154333 -0.00295551
498 0.0154333 -0.00295551
499 0.0154171 -0.00295145
500 0.0154171 -0.00295145
501 0.0154171 -0.00295145
502 0.0154171 -0.00295145
503 0.0154171 -0.00295145
504 0.0153942 -0.00294573
505 0.0153942 -0.00294573
506 0.0153942 -0.00294573
507 0.0153942 -0.00294573
508 0.0153427 -0.00293286
509 0.0153427 -0.00293286
510 0.0153427 -0.00293286
511 0.0153427 -0.00293286
512 0.0153427 -0.00296354
513 0.0154209 -0.00298309
514 0.0154209 -0.00298309
515 0.0154209 -0.00298309
516 0.0154209 -0.00298309
517 0.0154209 -0.00298309
518 0.0154209 -0.00298309
519 0.0154209 -0.00298309
520 0.0154209 -0.00298309
521 0.0154209 -0.00298309
522 0.0156479 -0.00303984
523 0.0156479 -0.00303984
524 0.0156479 -0.00303984
525 0.0156479 -0.00303984
526 0.0156479 -0.00303984
527 0.0156937 -0.00305128
528 0.0156937 -0.00305128
529 0.0156937 -0.00305128
530 0.0156937 -0.00305128
531 0.015399 -0.00297761
532 0.015399 -0.00297761
533 0.015399 -0.00297761
534 0.015399 -0.00297761
535 0.015399 -0.00297761
536 0.0154324 -0.00298595
537 0.0154324 -0.00298595
538 0.0154324 -0.00298595
539 0.0154324 -0.00298595
540 0.0154104 -0.00298047
541 0.0154104 -0.00298047
542 0.0154104 -0.00298047
543 0.0154104 -0.00298047
544 0.0154104 -0.00298047
545 0.0153856 -0.00297427
546 0.0153856 -0.00297427
547 0.0153856 -0.00297427
548 0.0153856 -0.00297427
549 0.0153856 -0.00297427
550 0.0155897 -0.00302529
551 0.0155897 -0.00302529
552 0.0155897 -0.00302529
553 0.0155897 -0.00302529
554 0.0155897 -0.00302529
555 0.0155325 -0.00301099
556 0.0155325 -0.00301099
557 0.0155325 -0.00301099
558 0.0155325 -0.00301099
559 0.0155325 -0.00301099
560 0.0153332 -0.00296116
561 0.0153332 -0.00296116
562 0.0153332 -0.00296116
563 0.0153332 -0.00296116
564 0.0153332 -0.00296116
565 0.0152473 -0.00293586
566 0.0152473 -0.0029702
567 0.0152473 -0.0029702
568 0.0152473 -0.0029702
569 0.0152473 -0.0029702
570 0.0148115 -0.00286124
571 -2.98166 0.746257
572 -2.95722 0.736286
573 -2.92091 0.728303
574 -2.87562 0.719133
575 -3.47691 1
576 -5.08432 1
577 -6.69324 1
578 -8.44719 1
579 -10.0574 1
580 -11.6735 1
581 -13.3208 1
582 -14.9688 1
583 -16.7672 1
584 -18.416 1
585 -20.065 1
586 -21.7139 1
