1 -2.26168 0 0.6099
2 -3 0 0.781243
3 2.28942 0.82633 0
4 -2.99923 0 1
5 0.911858 0.410936 0
6 -0.59876 0 0.238402
7 -2.41896 0 0.668264
8 -0.213444 0.038682 0
9 -2.9991 0 0.843648
10 -0.109051 0.0928998 0
11 -1.05119 0 0.335296
12 -1.57089 0 0.445668
13 -1.28004 0 0.333711
14 -0.90975 0 0.248242
15 -1.4664 0 0.42596
16 -1.02765 0 0.267531
17 -1.2073 0 0.344571
18 -1.20915 0 0.337351
19 -1.13044 0 0.314777
20 -1.14211 0 0.323355
21 -1.19067 0 0.338532
22 -1.13698 0 0.321133
23 -1.1325 0 0.323605
24 -1.21777 0 0.350628
25 -1.06372 0 0.301215
26 -1.1623 0 0.339652
27 -1.14437 0 0.330489
28 -1.0831 0 0.314087
29 -1.14449 0 0.336714
30 -1.1219 0 0.327988
31 -1.09275 0 0.321466
32 -1.13701 0 0.337336
33 -1.09484 0 0.32357
34 -1.10495 0 0.329816
35 -1.12301 0 0.33585
36 -1.04818 0 0.313547
37 -1.12202 0 0.340562
38 -1.08332 0 0.326343
39 -1.08969 0 0.33128
40 -1.07674 0 0.328152
41 -1.08953 0 0.333727
42 -1.07695 0 0.33039
43 -1.05688 0 0.326055
44 -1.08335 0 0.336081
45 -1.05633 0 0.327711
46 -1.08236 0 0.337952
47 -1.04989 0 0.32796
48 -1.07631 0 0.338585
49 -1.05412 0 0.331661
50 -1.04393 0 0.330759
51 -1.03704 0 0.330237
52 -1.08164 0 0.345043
53 -1.01237 0 0.323045
54 -1.05636 0 0.340762
55 -1.03107 0 0.332007
56 -1.04392 0 0.338169
57 -1.02976 0 0.334308
58 -1.00421 0 0.328358
59 -1.0465 0 0.343368
60 -1.00563 0 0.329997
61 -1.06112 0 0.349748
62 -0.975443 0 0.322247
63 -1.03161 0 0.344413
64 -1.03458 0 0.34353
65 -0.969128 0 0.324714
66 -1.01409 0 0.34249
67 -1.01895 0 0.34272
68 -0.993066 0 0.335703
69 -0.981186 0 0.334415
70 -1.01971 0 0.347585
71 -0.958624 0 0.328293
72 -1.02032 0 0.350877
73 -0.957534 0 0.329913
74 -0.985592 0 0.342455
75 -0.976031 0 0.33916
76 -0.955427 0 0.334412
77 -0.97735 0 0.342996
78 -0.97693 0 0.341795
79 -0.948617 0 0.33425
80 -0.99371 0 0.350188
81 -0.968569 0 0.341359
82 -0.91379 0 0.327096
83 -1.01061 0 0.359891
84 0.0181714 0 0.0463983
85 -0.117425 0 0.138633
86 -0.939182 0 0.37932
